03/10/15
2400           0
2330           0
2300           0
2230           0
2200           0
2130           0
2100           0
2030           0
2000           0
1930           0
1900           0
1830          46
1800         143
1730         243
1700         341
1630         440
1600         502
1530         613
1500         664
1430         745
1400         758
1330         772
1300         775
1230         761
1200         730
1130         684
1100         620
1030         536
1000         453
0930         347
0900         260
0830         169
0800          66
0730           8
0700           0
0630           0
0600           0
0530           0
0500           0
0430           0
0400           0
0330           0
0300           0
0230           0
0200           0
0130           0
0100           0
0030           0
03/09/15
2400           0
2330           0
2300           0
2230           0
2200           0
2130           0
2100           0
2030           0
2000           0
1930           0
1900           0
1830          42
1800         119
1730         215
1700         328
1630         425
1600         486
1530         587
1500         660
1430         703
1400         732
1330         750
1300         757
1230         744
1200         714
1130         667
1100         604
1030         524
1000         446
0930         332
0900         244
0830         152
0800          60
0730           8
0700           0
0630           0
0600           0
0530           0
0500           0
0430           0
0400           0
0330           0
0300           0
0230           0
0200           0
0130           0
0100           0
0030           0
03/08/15
2400           0
2330           0
2300           0
2230           0
2200           0
2130           0
2100           0
2030           0
2000           0
1930           0
1900           0
1830          41
1800         118
1730         209
1700         316
1630         412
1600         515
1530         583
1500         648
1430         700
1400         736
1330         755
1300         758
1230         740
1200         709
1130         662
1100         599
1030         511
1000         426
0930         330
0900         236
0830         142
0800          58
0730           8
0700           0
0630           0
0600           0
0530           0
0500           0
0430           0
0400           0
0330           0
0300           0
0230           0
0200           0
0130           0
0100           0
0030           0
03/07/15
2400           0
2330           0
2300           0
2230           0
2200           0
2130           0
2100           0
2030           0
2000           0
1930           0
1900           0
1830          32
1800         116
1730         218
1700         300
1630         395
1600         517
1530         584
1500         643
1430         695
1400         731
1330         750
1300         753
1230         712
1200         703
1130         662
1100         599
1030         533
1000         436
0930         327
0900         235
0830         142
0800          54
0730           7
0700           0
0630           0
0600           0
0530           0
0500           0
0430           0
0400           0
0330           0
0300           0
0230           0
0200           0
0130           0
0100           0
0030           0
03/06/15
2400           0
2330           0
2300           0
2230           0
2200           0
2130           0
2100           0
2030           0
2000           0
1930           0
1900           0
1830          41
1800         127
1730         229
1700         334
1630         415
1600         492
1530         587
1500         659
1430         711
1400         747
1330         766
1300         769
1230         751
1200         720
1130         672
1100         610
1030         512
1000         422
0930         347
0900         244
0830         143
0800          54
0730           6
0700           0
0630           0
0600           0
0530           0
0500           0
0430           0
0400           0
0330           0
0300           0
0230           0
0200           0
0130           0
0100           0
0030           0
03/05/15
2400           0
2330           0
2300           0
2230           0
2200           0
2130           0
2100           0
2030           0
2000           0
1930           0
1900           0
1830          36
1800         199
1730         231
1700         304
1630         392
1600         484
1530         577
1500         648
1430         700
1400         741
1330         756
1300         758
1230         745
1200         710
1130         662
1100         599
1030         520
1000         419
0930         333
0900         232
0830         141
0800          49
0730           6
0700           0
0630           0
0600           0
0530           0
0500           0
0430           0
0400           0
0330           0
0300           0
0230           0
0200           0
0130           0
0100           0
0030           0
03/04/15
2400           0
2330           0
2300           0
2230           0
2200           0
2130           0
2100           0
2030           0
2000           0
1930           0
1900           0
1830          32
1800         116
1730         223
1700         310
1630         397
1600         503
1530         600
1500         652
1430         705
1400         751
1330         790
1300         747
1230         723
1200         692
1130         646
1100         583
1030         498
1000         415
0930         324
0900         221
0830         126
0800          37
0730           4
0700           0
0630           0
0600           0
0530           0
0500           0
0430           0
0400           0
0330           0
0300           0
0230           0
0200           0
0130           0
0100           0
0030           0
03/03/15
2400           0
2330           0
2300           0
2230           0
2200           0
2130           0
2100           0
2030           0
2000           0
1930           0
1900           0
1830           0
1800         105
1730          76
1700         176
1630         157
1600         135
1530         132
1500         141
1430         764
1400         369
1330         780
1300         308
1230         220
1200         202
1130         134
1100         500
1030         508
1000         403
0930         316
0900          74
0830          27
0800          14
0730           2
0700           0
0630           0
0600           0
0530           0
0500           0
0430           0
0400           0
0330           0
0300           0
0230           0
0200           0
0130           0
0100           0
0030           0
03/02/15
2400           0
2330           0
2300           0
2230           0
2200           0
2130           0
2100           0
2030           0
2000           0
1930           0
1900           0
1830          14
1800          53
1730          38
1700          60
1630         162
1600         126
1530          42
1500         169
1430         125
1400          64
1330         178
1300         158
1230         135
1200          72
1130          33
1100          18
1030           3
1000           0
0930          14
0900          16
0830           2
0800           0
0730           0
0700           0
0630           0
0600           0
0530           0
0500           0
0430           0
0400           0
0330           0
0300           0
0230           0
0200           0
0130           0
0100           0
0030           0
03/01/15
2400           0
2330           0
2300           0
2230           0
2200           0
2130           0
2100           0
2030           0
2000           0
1930           0
1900           0
1830          18
1800          31
1730          33
1700          92
1630         146
1600         181
1530         136
1500         168
1430         212
1400         412
1330         368
1300         347
1230         319
1200         391
1130         255
1100         175
1030         119
1000          64
0930          73
0900          59
0830          41
0800          11
0730           1
0700           0
0630           0
0600           0
0530           0
0500           0
0430           0
0400           0
0330           0
0300           0
0230           0
0200           0
0130           0
0100           0
0030           0
02/28/15
2400           0
2330           0
2300           0
2230           0
2200           0
2130           0
2100           0
2030           0
2000           0
1930           0
1900           0
1830          14
1800          49
1730          78
1700          64
1630         138
1600         126
1530         112
1500         238
1430         213
1400          98
1330         169
1300         622
1230         172
1200          66
1130         130
1100         203
1030         260
1000         118
0930          33
0900           4
0830           0
0800           0
0730           0
0700           0
0630           0
0600           0
0530           0
0500           0
0430           0
0400           0
0330           0
0300           0
0230           0
0200           0
0130           0
0100           0
0030           0
02/27/15
2400           0
2330           0
2300           0
2230           0
2200           0
2130           0
2100           0
2030           0
2000           0
1930           0
1900           0
1830          14
1800          58
1730         190
1700         283
1630         375
1600         427
1530         498
1500         456
1430         638
1400         694
1330         712
1300         710
1230         695
1200         665
1130         618
1100         546
1030         492
1000         240
0930         142
0900         169
0830          47
0800           8
0730           1
0700           0
0630           0
0600           0
0530           0
0500           0
0430           0
0400           0
0330           0
0300           0
0230           0
0200           0
0130           0
0100           0
0030           0
02/26/15
2400           0
2330           0
2300           0
2230           0
2200           0
2130           0
2100           0
2030           0
2000           0
1930           0
1900           0
1830           5
1800         148
1730         272
1700         310
1630         391
1600         453
1530         549
1500         612
1430         658
1400         706
1330         737
1300         664
1230         694
1200         437
1130         518
1100         535
1030         482
1000         404
0930         261
0900         195
0830          99
0800          13
0730           0
0700           0
0630           0
0600           0
0530           0
0500           0
0430           0
0400           0
0330           0
0300           0
0230           0
0200           0
0130           0
0100           0
0030           0
02/25/15
2400           0
2330           0
2300           0
2230           0
2200           0
2130           0
2100           0
2030           0
2000           0
1930           0
1900           0
1830          14
1800          98
1730         183
1700         279
1630         387
1600         456
1530         517
1500         595
1430         678
1400         692
1330         701
1300         703
1230         685
1200         654
1130         612
1100         568
1030         461
1000         381
0930         291
0900         198
0830         100
0800          15
0730           0
0700           0
0630           0
0600           0
0530           0
0500           0
0430           0
0400           0
0330           0
0300           0
0230           0
0200           0
0130           0
0100           0
0030           0
02/24/15
2400           0
2330           0
2300           0
2230           0
2200           0
2130           0
2100           0
2030           0
2000           0
1930           0
1900           0
1830          32
1800         102
1730         192
1700         299
1630         395
1600         191
1530         504
1500         641
1430         753
1400         734
1330         229
1300         595
1230         680
1200         653
1130         684
1100         602
1030         388
1000         500
0930         253
0900         188
0830          56
0800           5
0730           0
0700           0
0630           0
0600           0
0530           0
0500           0
0430           0
0400           0
0330           0
0300           0
0230           0
0200           0
0130           0
0100           0
0030           0
02/23/15
2400           0
2330           0
2300           0
2230           0
2200           0
2130           0
2100           0
2030           0
2000           0
1930           0
1900           0
1830           0
1800          18
1730          67
1700         127
1630         408
1600         327
1530         206
1500         182
1430         127
1400         197
1330         183
1300         262
1230         244
1200         110
1130         191
1100         174
1030         201
1000         136
0930         175
0900         187
0830          42
0800           2
0730           0
0700           0
0630           0
0600           0
0530           0
0500           0
0430           0
0400           0
0330           0
0300           0
0230           0
0200           0
0130           0
0100           0
0030           0
